0.09023437499999999
0.193359375
0.37382812499999996
0.48984374999999997
0.605859375
0.6832031249999999
0.8121093749999999
0.90234375
0.992578125
1.069921875
1.173046875
1.224609375
1.327734375
1.405078125
1.46953125
1.533984375
1.611328125
1.6371093749999999
1.740234375
1.791796875
1.843359375
1.8949218749999999
1.9464843749999998
1.998046875
2.0496093749999997
2.101171875
2.152734375
2.204296875
2.2429687499999997
2.255859375
2.3074218749999997
2.358984375
2.384765625
2.410546875
2.44921875
2.462109375
2.513671875
2.5394531249999996
2.5652343749999997
2.591015625
2.616796875
2.642578125
2.6683593749999996
2.6941406249999997
2.70703125
2.719921875
2.745703125
2.771484375
2.784375
2.81015625
2.81015625
2.8230468749999997
2.848828125
2.8617187499999996
2.874609375
2.874609375
2.900390625
2.9261718749999996
2.9261718749999996
2.9390625
2.9519531249999997
2.9519531249999997
2.977734375
2.9906249999999996
2.9906249999999996
3.003515625
3.003515625
3.0164062499999997
3.0164062499999997
3.029296875
3.029296875
3.0421875
2.9390625
2.8874999999999997
2.7328124999999996
2.6039062499999996
2.5007812499999997
2.39765625
2.3203125
2.2171875
2.165625
2.0625
1.98515625
1.9078125
1.85625
1.7531249999999998
1.67578125
1.65
1.546875
1.4953124999999998
1.4437499999999999
1.3792968749999999
1.340625
1.2890625
1.2374999999999998
1.1859374999999999
1.134375
1.095703125
1.0570312499999999
1.03125
0.9796874999999999
0.9410156249999999
0.90234375
0.863671875
0.837890625
0.79921875
0.7734375
0.7476562499999999
0.7218749999999999
0.69609375
0.6703125
0.631640625
0.6187499999999999
0.5929687499999999
0.5671875
0.554296875
0.515625
0.515625
0.502734375
0.4640625
0.4640625
0.43828124999999996
0.4125
0.4125
0.38671875
0.37382812499999996
0.36093749999999997
0.348046875
0.33515625
0.322265625
0.30937499999999996
0.30937499999999996
0.28359375
0.28359375
0.270703125
0.2578125
0.2578125
0.23203125
0.23203125
0.21914062499999998